[49.284518383705, -123.144079496448]
[49.285212009254, -123.143929941772]
[49.285905516284, -123.143821227466]
[49.286422367278, -123.143703599554]
[49.287246862102, -123.143534078941]
[49.287673526749, -123.143489856171]
[49.288138647102, -123.143539606786]
[49.288419879761, -123.143625720393]
[49.288497018507, -123.143723115439]
[49.288528781485, -123.143611806815]
[49.288356353645, -123.143403103145]
[49.288124936385, -123.143229183421]
[49.287911668537, -123.143124831586]
[49.287580420901, -123.143055263696]
[49.287231020298, -123.143027436540]
[49.286827164566, -123.143017001348]
[49.286493640767, -123.143048306899]
[49.286082972310, -123.143149180339]
[49.285810704023, -123.143215269835]
[49.285536165333, -123.143281359331]
[49.285248011509, -123.143319621670]
[49.284978007579, -123.143392667954]
[49.284537829923, -123.143483106213]
[49.284519504869, -123.144045114368]
[49.284520626033, -123.144010732287]
[49.284521747197, -123.143976350206]
[49.284522868362, -123.143941968124]
[49.284523989526, -123.143907586041]
[49.284525110690, -123.143873203957]
[49.284526231854, -123.143838821872]
[49.284527353019, -123.143804439787]
[49.284528474183, -123.143770057701]
[49.284529595347, -123.143735675614]
[49.284530716511, -123.143701293526]
[49.284531837675, -123.143666911438]
[49.284532958840, -123.143632529348]
[49.284534080004, -123.143598147258]
[49.284535201168, -123.143563765168]
[49.284536322332, -123.143529383076]
[49.284537443497, -123.143495000984]
[49.284691790110, -123.144042108173]
[49.284865196515, -123.144004719767]
[49.285038602921, -123.143967331230]
[49.285212009326, -123.143929942561]
[49.284540620403, -123.144074701993]
[49.284562857102, -123.144069907536]
[49.284585093800, -123.144065113076]
[49.284607330499, -123.144060318615]
[49.284629567197, -123.144055524151]
[49.284651803896, -123.144050729685]
[49.284674040594, -123.144045935217]
[49.284696277293, -123.144041140747]
[49.284718513992, -123.144036346275]
[49.284740750690, -123.144031551800]
[49.284762987389, -123.144026757323]
[49.284785224087, -123.144021962845]
[49.284807460786, -123.144017168364]
[49.284829697484, -123.144012373880]
[49.284851934183, -123.144007579395]
[49.284874170882, -123.144002784908]
[49.284896407580, -123.143997990418]
[49.284918644279, -123.143993195926]
[49.284940880977, -123.143988401432]
[49.284963117676, -123.143983606936]
[49.284985354374, -123.143978812438]
[49.285007591073, -123.143974017937]
[49.285029827771, -123.143969223435]
[49.285052064470, -123.143964428930]
[49.285074301169, -123.143959634423]
[49.285096537867, -123.143954839914]
[49.285118774566, -123.143950045402]
[49.285141011264, -123.143945250889]
[49.285163247963, -123.143940456373]
[49.285185484661, -123.143935661856]
[49.285207721360, -123.143930867336]
[49.284528486506, -123.144044957649]
[49.284537468144, -123.144044800929]
[49.284546449781, -123.144044644209]
[49.284555431418, -123.144044487490]
[49.284564413056, -123.144044330770]
[49.284573394693, -123.144044174050]
[49.284582376330, -123.144044017331]
[49.284591357968, -123.144043860611]
[49.284600339605, -123.144043703891]
[49.284609321243, -123.144043547172]
[49.284618302880, -123.144043390452]
[49.284627284517, -123.144043233732]
[49.284636266155, -123.144043077012]
[49.284645247792, -123.144042920292]
[49.284654229430, -123.144042763572]
[49.284663211067, -123.144042606852]
[49.284672192704, -123.144042450132]
[49.284681174342, -123.144042293412]
[49.284690155979, -123.144042136692]
[49.284529607670, -123.144010575565]
[49.284538589308, -123.144010418843]
[49.284547570945, -123.144010262120]
[49.284556552582, -123.144010105398]
[49.284565534220, -123.144009948675]
[49.284574515857, -123.144009791953]
[49.284583497495, -123.144009635230]
[49.284592479132, -123.144009478508]
[49.284601460769, -123.144009321785]
[49.284610442407, -123.144009165062]
[49.284619424044, -123.144009008340]
[49.284628405681, -123.144008851617]
[49.284637387319, -123.144008694894]
[49.284646368956, -123.144008538171]
[49.284655350594, -123.144008381449]
[49.284664332231, -123.144008224726]
[49.284673313868, -123.144008068003]
[49.284682295506, -123.144007911280]
[49.284691277143, -123.144007754557]
[49.284700258780, -123.144007597834]
[49.284709240418, -123.144007441111]
[49.284718222055, -123.144007284388]
[49.284727203692, -123.144007127665]
[49.284736185330, -123.144006970942]
[49.284745166967, -123.144006814219]
[49.284754148605, -123.144006657496]
[49.284763130242, -123.144006500773]
[49.284772111879, -123.144006344050]
[49.284781093517, -123.144006187327]
[49.284790075154, -123.144006030603]
[49.284799056791, -123.144005873880]
[49.284808038429, -123.144005717157]
[49.284817020066, -123.144005560434]
[49.284826001703, -123.144005403710]
[49.284834983341, -123.144005246987]
[49.284843964978, -123.144005090264]
[49.284852946616, -123.144004933540]
[49.284861928253, -123.144004776817]
[49.284530728835, -123.143976193481]
[49.284539710472, -123.143976036755]
[49.284548692109, -123.143975880030]
[49.284557673747, -123.143975723305]
[49.284566655384, -123.143975566579]
[49.284575637021, -123.143975409854]
[49.284584618659, -123.143975253129]
[49.284593600296, -123.143975096403]
[49.284602581933, -123.143974939678]
[49.284611563571, -123.143974782952]
[49.284620545208, -123.143974626227]
[49.284629526845, -123.143974469501]
[49.284638508483, -123.143974312776]
[49.284647490120, -123.143974156050]
[49.284656471757, -123.143973999324]
[49.284665453395, -123.143973842599]
[49.284674435032, -123.143973685873]
[49.284683416669, -123.143973529147]
[49.284692398307, -123.143973372421]
[49.284701379944, -123.143973215696]
[49.284710361582, -123.143973058970]
[49.284719343219, -123.143972902244]
[49.284728324856, -123.143972745518]
[49.284737306494, -123.143972588792]
[49.284746288131, -123.143972432066]
[49.284755269768, -123.143972275340]
[49.284764251406, -123.143972118614]
[49.284773233043, -123.143971961888]
[49.284782214680, -123.143971805162]
[49.284791196318, -123.143971648436]
[49.284800177955, -123.143971491710]
[49.284809159592, -123.143971334984]
[49.284818141230, -123.143971178258]
[49.284827122867, -123.143971021532]
[49.284836104504, -123.143970864805]
[49.284845086142, -123.143970708079]
[49.284854067779, -123.143970551353]
[49.284863049416, -123.143970394627]
[49.284872031054, -123.143970237900]
[49.284881012691, -123.143970081174]
[49.284889994328, -123.143969924447]
[49.284898975966, -123.143969767721]
[49.284907957603, -123.143969610995]
[49.284916939240, -123.143969454268]
[49.284925920878, -123.143969297542]
[49.284934902515, -123.143969140815]
[49.284943884152, -123.143968984089]
[49.284952865790, -123.143968827362]
[49.284961847427, -123.143968670635]
[49.284970829065, -123.143968513909]
[49.284979810702, -123.143968357182]
[49.284988792339, -123.143968200455]
[49.284997773977, -123.143968043729]
[49.285006755614, -123.143967887002]
[49.285015737251, -123.143967730275]
[49.285024718889, -123.143967573548]
[49.285033700526, -123.143967416821]
[49.284531849999, -123.143941811396]
[49.284540831636, -123.143941654667]
[49.284549813273, -123.143941497939]
[49.284558794911, -123.143941341211]
[49.284567776548, -123.143941184483]
[49.284576758185, -123.143941027755]
[49.284585739823, -123.143940871026]
[49.284594721460, -123.143940714298]
[49.284603703097, -123.143940557570]
[49.284612684735, -123.143940400841]
[49.284621666372, -123.143940244113]
[49.284630648009, -123.143940087385]
[49.284639629647, -123.143939930656]
[49.284648611284, -123.143939773928]
[49.284657592921, -123.143939617199]
[49.284666574559, -123.143939460471]
[49.284675556196, -123.143939303742]
[49.284684537833, -123.143939147013]
[49.284693519471, -123.143938990285]
[49.284702501108, -123.143938833556]
[49.284711482745, -123.143938676828]
[49.284720464383, -123.143938520099]
[49.284729446020, -123.143938363370]
[49.284738427657, -123.143938206641]
[49.284747409295, -123.143938049913]
[49.284756390932, -123.143937893184]
[49.284765372569, -123.143937736455]
[49.284774354207, -123.143937579726]
[49.284783335844, -123.143937422997]
[49.284792317481, -123.143937266268]
[49.284801299119, -123.143937109539]
[49.284810280756, -123.143936952810]
[49.284819262393, -123.143936796081]
[49.284828244031, -123.143936639352]
[49.284837225668, -123.143936482623]
[49.284846207305, -123.143936325894]
[49.284855188942, -123.143936169165]
[49.284864170580, -123.143936012436]
[49.284873152217, -123.143935855707]
[49.284882133854, -123.143935698977]
[49.284891115492, -123.143935542248]
[49.284900097129, -123.143935385519]
[49.284909078766, -123.143935228789]
[49.284918060404, -123.143935072060]
[49.284927042041, -123.143934915331]
[49.284936023678, -123.143934758601]
[49.284945005316, -123.143934601872]
[49.284953986953, -123.143934445143]
[49.284962968590, -123.143934288413]
[49.284971950228, -123.143934131684]
[49.284980931865, -123.143933974954]
[49.284989913502, -123.143933818224]
[49.284998895140, -123.143933661495]
[49.285007876777, -123.143933504765]
[49.285016858414, -123.143933348036]
[49.285025840052, -123.143933191306]
[49.285034821689, -123.143933034576]
[49.285043803326, -123.143932877846]
[49.285052784964, -123.143932721117]
[49.285061766601, -123.143932564387]
[49.285070748238, -123.143932407657]
[49.285079729876, -123.143932250927]
[49.285088711513, -123.143932094197]
[49.285097693150, -123.143931937468]
[49.285106674788, -123.143931780738]
[49.285115656425, -123.143931624008]
[49.285124638062, -123.143931467278]
[49.285133619700, -123.143931310548]
[49.285142601337, -123.143931153818]
[49.285151582974, -123.143930997087]
[49.285160564612, -123.143930840357]
[49.285169546249, -123.143930683627]
[49.285178527886, -123.143930526897]
[49.285187509523, -123.143930370167]
[49.285196491161, -123.143930213437]
[49.285205472798, -123.143930056706]
[49.285199539914, -123.143901311575]
[49.285187070573, -123.143872681386]
[49.285174601233, -123.143844051204]
[49.285162131893, -123.143815421029]
[49.285149662552, -123.143786790861]
[49.285137193212, -123.143758160701]
[49.285124723871, -123.143729530548]
[49.285112254531, -123.143700900402]
[49.285099785191, -123.143672270263]
[49.285087315850, -123.143643640132]
[49.285074846510, -123.143615010008]
[49.285062377170, -123.143586379891]
[49.285049907829, -123.143557749781]
[49.285037438489, -123.143529119679]
[49.285024969149, -123.143500489583]
[49.285012499808, -123.143471859495]
[49.285000030468, -123.143443229415]
[49.284987561128, -123.143414599341]
[49.285443178275, -123.143893704010]
[49.285674347297, -123.143857466078]
[49.285905516318, -123.143821227976]
[49.285234348322, -123.143926439943]
[49.285256687390, -123.143922938112]
[49.285279026458, -123.143919436280]
[49.285301365526, -123.143915934446]
[49.285323704594, -123.143912432611]
[49.285346043662, -123.143908930774]
[49.285368382730, -123.143905428935]
[49.285390721798, -123.143901927095]
[49.285413060866, -123.143898425253]
[49.285435399935, -123.143894923410]
[49.285457739003, -123.143891421565]
[49.285480078071, -123.143887919719]
[49.285502417139, -123.143884417871]
[49.285524756207, -123.143880916021]
[49.285547095275, -123.143877414170]
[49.285569434343, -123.143873912317]
[49.285591773411, -123.143870410463]
[49.285614112479, -123.143866908607]
[49.285636451547, -123.143863406749]
[49.285658790615, -123.143859904890]
[49.285681129683, -123.143856403029]
[49.285703468751, -123.143852901167]
[49.285725807819, -123.143849399303]
[49.285748146887, -123.143845897438]
[49.285770485955, -123.143842395571]
[49.285792825023, -123.143838893702]
[49.285815164091, -123.143835391832]
[49.285837503159, -123.143831889960]
[49.285859842228, -123.143828388086]
[49.285882181296, -123.143824886211]
[49.285904520364, -123.143821384335]
[49.285208520270, -123.143901031166]
[49.285217500627, -123.143900750758]
[49.285226480984, -123.143900470349]
[49.285235461340, -123.143900189940]
[49.285244441697, -123.143899909531]
[49.285253422053, -123.143899629122]
[49.285262402410, -123.143899348713]
[49.285271382767, -123.143899068304]
[49.285280363123, -123.143898787895]
[49.285289343480, -123.143898507485]
[49.285298323837, -123.143898227076]
[49.285307304193, -123.143897946667]
[49.285316284550, -123.143897666258]
[49.285325264906, -123.143897385848]
[49.285334245263, -123.143897105439]
[49.285343225620, -123.143896825029]
[49.285352205976, -123.143896544620]
[49.285361186333, -123.143896264210]
[49.285370166690, -123.143895983800]
[49.285379147046, -123.143895703391]
[49.285388127403, -123.143895422981]
[49.285397107759, -123.143895142571]
[49.285406088116, -123.143894862161]
[49.285415068473, -123.143894581751]
[49.285424048829, -123.143894301341]
[49.285433029186, -123.143894020931]
[49.285442009543, -123.143893740521]
[49.285196050930, -123.143872400975]
[49.285205031286, -123.143872120564]
[49.285214011643, -123.143871840154]
[49.285222992000, -123.143871559743]
[49.285231972356, -123.143871279332]
[49.285240952713, -123.143870998921]
[49.285249933069, -123.143870718510]
[49.285258913426, -123.143870438099]
[49.285267893783, -123.143870157688]
[49.285276874139, -123.143869877277]
[49.285285854496, -123.143869596866]
[49.285294834852, -123.143869316455]
[49.285303815209, -123.143869036044]
[49.285312795566, -123.143868755633]
[49.285321775922, -123.143868475221]
[49.285330756279, -123.143868194810]
[49.285339736635, -123.143867914398]
[49.285348716992, -123.143867633987]
[49.285357697349, -123.143867353575]
[49.285366677705, -123.143867073164]
[49.285375658062, -123.143866792752]
[49.285384638419, -123.143866512340]
[49.285393618775, -123.143866231929]
[49.285402599132, -123.143865951517]
[49.285411579488, -123.143865671105]
[49.285420559845, -123.143865390693]
[49.285429540202, -123.143865110281]
[49.285438520558, -123.143864829869]
[49.285447500915, -123.143864549457]
[49.285456481271, -123.143864269045]
[49.285465461628, -123.143863988633]
[49.285474441985, -123.143863708221]
[49.285483422341, -123.143863427809]
[49.285492402698, -123.143863147396]
[49.285501383054, -123.143862866984]
[49.285510363411, -123.143862586571]
[49.285519343768, -123.143862306159]
[49.285528324124, -123.143862025747]
[49.285537304481, -123.143861745334]
[49.285546284837, -123.143861464921]
[49.285555265194, -123.143861184509]
[49.285564245551, -123.143860904096]
[49.285573225907, -123.143860623683]
[49.285582206264, -123.143860343270]
[49.285591186620, -123.143860062858]
[49.285600166977, -123.143859782445]
[49.285609147334, -123.143859502032]
[49.285618127690, -123.143859221619]
[49.285627108047, -123.143858941206]
[49.285636088403, -123.143858660792]
[49.285645068760, -123.143858380379]
[49.285654049117, -123.143858099966]
[49.285663029473, -123.143857819553]
[49.285672009830, -123.143857539139]
[49.285183581589, -123.143843770791]
[49.285192561946, -123.143843490379]
[49.285201542303, -123.143843209966]
[49.285210522659, -123.143842929553]
[49.285219503016, -123.143842649141]
[49.285228483372, -123.143842368728]
[49.285237463729, -123.143842088315]
[49.285246444086, -123.143841807902]
[49.285255424442, -123.143841527489]
[49.285264404799, -123.143841247076]
[49.285273385155, -123.143840966663]
[49.285282365512, -123.143840686250]
[49.285291345868, -123.143840405837]
[49.285300326225, -123.143840125424]
[49.285309306582, -123.143839845011]
[49.285318286938, -123.143839564598]
[49.285327267295, -123.143839284184]
[49.285336247651, -123.143839003771]
[49.285345228008, -123.143838723358]
[49.285354208364, -123.143838442944]
[49.285363188721, -123.143838162531]
[49.285372169078, -123.143837882117]
[49.285381149434, -123.143837601703]
[49.285390129791, -123.143837321290]
[49.285399110147, -123.143837040876]
[49.285408090504, -123.143836760462]
[49.285417070860, -123.143836480048]
[49.285426051217, -123.143836199635]
[49.285435031574, -123.143835919221]
[49.285444011930, -123.143835638807]
[49.285452992287, -123.143835358393]
[49.285461972643, -123.143835077979]
[49.285470953000, -123.143834797564]
[49.285479933356, -123.143834517150]
[49.285488913713, -123.143834236736]
[49.285497894070, -123.143833956322]
[49.285506874426, -123.143833675907]
[49.285515854783, -123.143833395493]
[49.285524835139, -123.143833115079]
[49.285533815496, -123.143832834664]
[49.285542795853, -123.143832554250]
[49.285551776209, -123.143832273835]
[49.285560756566, -123.143831993420]
[49.285569736922, -123.143831713006]
[49.285578717279, -123.143831432591]
[49.285587697635, -123.143831152176]
[49.285596677992, -123.143830871761]
[49.285605658349, -123.143830591346]
[49.285614638705, -123.143830310931]
[49.285623619062, -123.143830030516]
[49.285632599418, -123.143829750101]
[49.285641579775, -123.143829469686]
[49.285650560131, -123.143829189271]
[49.285659540488, -123.143828908856]
[49.285668520845, -123.143828628441]
[49.285677501201, -123.143828348025]
[49.285686481558, -123.143828067610]
[49.285695461914, -123.143827787195]
[49.285704442271, -123.143827506779]
[49.285713422627, -123.143827226364]
[49.285722402984, -123.143826945948]
[49.285731383341, -123.143826665533]
[49.285740363697, -123.143826385117]
[49.285749344054, -123.143826104701]
[49.285758324410, -123.143825824285]
[49.285767304767, -123.143825543870]
[49.285776285123, -123.143825263454]
[49.285785265480, -123.143824983038]
[49.285794245837, -123.143824702622]
[49.285803226193, -123.143824422206]
[49.285812206550, -123.143824141790]
[49.285821186906, -123.143823861374]
[49.285830167263, -123.143823580958]
[49.285839147620, -123.143823300541]
[49.285848127976, -123.143823020125]
[49.285857108333, -123.143822739709]
[49.285866088689, -123.143822459292]
[49.285875069046, -123.143822178876]
[49.285884049402, -123.143821898459]
[49.285893029759, -123.143821618043]
[49.285902010116, -123.143821337626]
[49.285885412417, -123.143805890143]
[49.285865308549, -123.143790552827]
[49.285845204681, -123.143775215516]
[49.285825100814, -123.143759878212]
[49.285804996946, -123.143744540914]
[49.285784893078, -123.143729203623]
[49.285764789211, -123.143713866337]
[49.285744685343, -123.143698529058]
[49.285724581476, -123.143683191786]
[49.285704477608, -123.143667854519]
[49.285684373740, -123.143652517259]
[49.285664269873, -123.143637180004]
[49.285644166005, -123.143621842757]
[49.285624062137, -123.143606505515]
[49.285603958270, -123.143591168280]
[49.285583854402, -123.143575831051]
[49.285563750534, -123.143560493828]
[49.285543646667, -123.143545156611]
[49.285523542799, -123.143529819401]
[49.285503438931, -123.143514482197]
[49.285483335064, -123.143499144999]
[49.285463231196, -123.143483807807]
[49.285443127329, -123.143468470622]
[49.285423023461, -123.143453133443]
[49.285402919593, -123.143437796270]
[49.285382815726, -123.143422459104]
[49.285362711858, -123.143407121943]
[49.285342607990, -123.143391784789]
[49.285322504123, -123.143376447642]
[49.285302400255, -123.143361110500]
[49.285282296387, -123.143345773365]
[49.285262192520, -123.143330436236]
[49.285979352148, -123.143804423630]
[49.286053188012, -123.143787619768]
[49.286127023875, -123.143770815881]
[49.286200859739, -123.143754011970]
[49.286274695602, -123.143737208032]
[49.286348531466, -123.143720404070]
[49.286422367329, -123.143703600083]
[49.285927728420, -123.143816172353]
[49.285949940555, -123.143811117236]
[49.285972152690, -123.143806062118]
[49.285994364826, -123.143801006997]
[49.286016576961, -123.143795951874]
[49.286038789097, -123.143790896749]
[49.286061001232, -123.143785841622]
[49.286083213367, -123.143780786492]
[49.286105425503, -123.143775731360]
[49.286127637638, -123.143770676226]
[49.286149849773, -123.143765621089]
[49.286172061909, -123.143760565950]
[49.286194274044, -123.143755510809]
[49.286216486180, -123.143750455666]
[49.286238698315, -123.143745400520]
[49.286260910450, -123.143740345372]
[49.286283122586, -123.143735290222]
[49.286305334721, -123.143730235069]
[49.286327546856, -123.143725179914]
[49.286349758992, -123.143720124757]
[49.286371971127, -123.143715069598]
[49.286394183263, -123.143710014436]
[49.286416395398, -123.143704959272]
[49.285894394170, -123.143805749928]
[49.285903375924, -123.143805609712]
[49.285912357677, -123.143805469496]
[49.285921339431, -123.143805329280]
[49.285930321184, -123.143805189064]
[49.285939302938, -123.143805048848]
[49.285948284691, -123.143804908632]
[49.285957266445, -123.143804768416]
[49.285966248198, -123.143804628200]
[49.285975229952, -123.143804487984]
[49.285874290303, -123.143790412610]
[49.285883272056, -123.143790272393]
[49.285892253809, -123.143790132175]
[49.285901235563, -123.143789991958]
[49.285910217316, -123.143789851741]
[49.285919199070, -123.143789711524]
[49.285928180823, -123.143789571307]
[49.285937162577, -123.143789431089]
[49.285946144330, -123.143789290872]
[49.285955126084, -123.143789150655]
[49.285964107837, -123.143789010437]
[49.285973089591, -123.143788870220]
[49.285982071344, -123.143788730003]
[49.285991053098, -123.143788589785]
[49.286000034851, -123.143788449568]
[49.286009016605, -123.143788309350]
[49.286017998358, -123.143788169133]
[49.286026980112, -123.143788028915]
[49.286035961865, -123.143787888698]
[49.286044943619, -123.143787748480]
[49.285854186435, -123.143775075298]
[49.285863168188, -123.143774935080]
[49.285872149942, -123.143774794861]
[49.285881131695, -123.143774654643]
[49.285890113449, -123.143774514425]
[49.285899095202, -123.143774374206]
[49.285908076956, -123.143774233988]
[49.285917058709, -123.143774093769]
[49.285926040463, -123.143773953551]
[49.285935022216, -123.143773813332]
[49.285944003970, -123.143773673113]
[49.285952985723, -123.143773532895]
[49.285961967477, -123.143773392676]
[49.285970949230, -123.143773252457]
[49.285979930984, -123.143773112239]
[49.285988912737, -123.143772972020]
[49.285997894490, -123.143772831801]
[49.286006876244, -123.143772691583]
[49.286015857997, -123.143772551364]
[49.286024839751, -123.143772411145]
[49.286033821504, -123.143772270926]
[49.286042803258, -123.143772130707]
[49.286051785011, -123.143771990488]
[49.286060766765, -123.143771850269]
[49.286069748518, -123.143771710050]
[49.286078730272, -123.143771569831]
[49.286087712025, -123.143771429612]
[49.286096693779, -123.143771289393]
[49.286105675532, -123.143771149174]
[49.286114657286, -123.143771008955]
[49.286123639039, -123.143770868736]
[49.285834082567, -123.143759737993]
[49.285843064321, -123.143759597773]
[49.285852046074, -123.143759457554]
[49.285861027828, -123.143759317334]
[49.285870009581, -123.143759177114]
[49.285878991335, -123.143759036895]
[49.285887973088, -123.143758896675]
[49.285896954841, -123.143758756455]
[49.285905936595, -123.143758616235]
[49.285914918348, -123.143758476015]
[49.285923900102, -123.143758335796]
[49.285932881855, -123.143758195576]
[49.285941863609, -123.143758055356]
[49.285950845362, -123.143757915136]
[49.285959827116, -123.143757774916]
[49.285968808869, -123.143757634696]
[49.285977790623, -123.143757494476]
[49.285986772376, -123.143757354256]
[49.285995754130, -123.143757214036]
[49.286004735883, -123.143757073816]
[49.286013717637, -123.143756933596]
[49.286022699390, -123.143756793376]
[49.286031681143, -123.143756653156]
[49.286040662897, -123.143756512936]
[49.286049644650, -123.143756372715]
[49.286058626404, -123.143756232495]
[49.286067608157, -123.143756092275]
[49.286076589911, -123.143755952055]
[49.286085571664, -123.143755811834]
[49.286094553418, -123.143755671614]
[49.286103535171, -123.143755531394]
[49.286112516925, -123.143755391173]
[49.286121498678, -123.143755250953]
[49.286130480432, -123.143755110733]
[49.286139462185, -123.143754970512]
[49.286148443939, -123.143754830292]
[49.286157425692, -123.143754690071]
[49.286166407445, -123.143754549851]
[49.286175389199, -123.143754409630]
[49.286184370952, -123.143754269410]
[49.286193352706, -123.143754129189]
[49.285813978700, -123.143744400694]
[49.285822960453, -123.143744260473]
[49.285831942206, -123.143744120252]
[49.285840923960, -123.143743980031]
[49.285849905713, -123.143743839810]
[49.285858887467, -123.143743699589]
[49.285867869220, -123.143743559368]
[49.285876850974, -123.143743419147]
[49.285885832727, -123.143743278926]
[49.285894814481, -123.143743138705]
[49.285903796234, -123.143742998484]
[49.285912777988, -123.143742858263]
[49.285921759741, -123.143742718042]
[49.285930741495, -123.143742577821]
[49.285939723248, -123.143742437600]
[49.285948705001, -123.143742297379]
[49.285957686755, -123.143742157157]
[49.285966668508, -123.143742016936]
[49.285975650262, -123.143741876715]
[49.285984632015, -123.143741736494]
[49.285993613769, -123.143741596272]
[49.286002595522, -123.143741456051]
[49.286011577276, -123.143741315830]
[49.286020559029, -123.143741175608]
[49.286029540783, -123.143741035387]
[49.286038522536, -123.143740895165]
[49.286047504289, -123.143740754944]
[49.286056486043, -123.143740614722]
[49.286065467796, -123.143740474501]
[49.286074449550, -123.143740334279]
[49.286083431303, -123.143740194058]
[49.286092413057, -123.143740053836]
[49.286101394810, -123.143739913614]
[49.286110376564, -123.143739773393]
[49.286119358317, -123.143739633171]
[49.286128340071, -123.143739492949]
[49.286137321824, -123.143739352728]
[49.286146303578, -123.143739212506]
[49.286155285331, -123.143739072284]
[49.286164267084, -123.143738932062]
[49.286173248838, -123.143738791841]
[49.286182230591, -123.143738651619]
[49.286191212345, -123.143738511397]
[49.286200194098, -123.143738371175]
[49.286209175852, -123.143738230953]
[49.286218157605, -123.143738090731]
[49.286227139359, -123.143737950509]
[49.286236121112, -123.143737810287]
[49.286245102866, -123.143737670065]
[49.286254084619, -123.143737529843]
[49.286263066372, -123.143737389621]
[49.286272048126, -123.143737249399]
[49.285793874832, -123.143729063401]
[49.285802856585, -123.143728923179]
[49.285811838339, -123.143728782957]
[49.285820820092, -123.143728642735]
[49.285829801846, -123.143728502512]
[49.285838783599, -123.143728362290]
[49.285847765353, -123.143728222068]
[49.285856747106, -123.143728081846]
[49.285865728860, -123.143727941624]
[49.285874710613, -123.143727801401]
[49.285883692366, -123.143727661179]
[49.285892674120, -123.143727520957]
[49.285901655873, -123.143727380734]
[49.285910637627, -123.143727240512]
[49.285919619380, -123.143727100290]
[49.285928601134, -123.143726960067]
[49.285937582887, -123.143726819845]
[49.285946564641, -123.143726679622]
[49.285955546394, -123.143726539400]
[49.285964528147, -123.143726399177]
[49.285973509901, -123.143726258955]
[49.285982491654, -123.143726118732]
[49.285991473408, -123.143725978510]
[49.286000455161, -123.143725838287]
[49.286009436915, -123.143725698064]
[49.286018418668, -123.143725557842]
[49.286027400422, -123.143725417619]
[49.286036382175, -123.143725277396]
[49.286045363928, -123.143725137173]
[49.286054345682, -123.143724996951]
[49.286063327435, -123.143724856728]
[49.286072309189, -123.143724716505]
[49.286081290942, -123.143724576282]
[49.286090272696, -123.143724436059]
[49.286099254449, -123.143724295836]
[49.286108236203, -123.143724155613]
[49.286117217956, -123.143724015390]
[49.286126199710, -123.143723875167]
[49.286135181463, -123.143723734944]
[49.286144163216, -123.143723594721]
[49.286153144970, -123.143723454498]
[49.286162126723, -123.143723314275]
[49.286171108477, -123.143723174052]
[49.286180090230, -123.143723033829]
[49.286189071984, -123.143722893606]
[49.286198053737, -123.143722753383]
[49.286207035491, -123.143722613159]
[49.286216017244, -123.143722472936]
[49.286224998997, -123.143722332713]
[49.286233980751, -123.143722192490]
[49.286242962504, -123.143722052266]
[49.286251944258, -123.143721912043]
[49.286260926011, -123.143721771820]
[49.286269907765, -123.143721631596]
[49.286278889518, -123.143721491373]
[49.286287871272, -123.143721351149]
[49.286296853025, -123.143721210926]
[49.286305834779, -123.143721070702]
[49.286314816532, -123.143720930479]
[49.286323798285, -123.143720790255]
[49.286332780039, -123.143720650032]
[49.286341761792, -123.143720509808]
[49.285773770964, -123.143713726114]
[49.285782752718, -123.143713585891]
[49.285791734471, -123.143713445668]
[49.285800716225, -123.143713305444]
[49.285809697978, -123.143713165221]
[49.285818679731, -123.143713024997]
[49.285827661485, -123.143712884774]
[49.285836643238, -123.143712744551]
[49.285845624992, -123.143712604327]
[49.285854606745, -123.143712464104]
[49.285863588499, -123.143712323880]
[49.285872570252, -123.143712183657]
[49.285881552006, -123.143712043433]
[49.285890533759, -123.143711903209]
[49.285899515512, -123.143711762986]
[49.285908497266, -123.143711622762]
[49.285917479019, -123.143711482538]
[49.285926460773, -123.143711342315]
[49.285935442526, -123.143711202091]
[49.285944424280, -123.143711061867]
[49.285953406033, -123.143710921643]
[49.285962387787, -123.143710781420]
[49.285971369540, -123.143710641196]
[49.285980351293, -123.143710500972]
[49.285989333047, -123.143710360748]
[49.285998314800, -123.143710220524]
[49.286007296554, -123.143710080300]
[49.286016278307, -123.143709940076]
[49.286025260061, -123.143709799852]
[49.286034241814, -123.143709659628]
[49.286043223567, -123.143709519404]
[49.286052205321, -123.143709379180]
[49.286061187074, -123.143709238956]
[49.286070168828, -123.143709098732]
[49.286079150581, -123.143708958508]
[49.286088132335, -123.143708818284]
[49.286097114088, -123.143708678059]
[49.286106095842, -123.143708537835]
[49.286115077595, -123.143708397611]
[49.286124059348, -123.143708257387]
[49.286133041102, -123.143708117162]
[49.286142022855, -123.143707976938]
[49.286151004609, -123.143707836714]
[49.286159986362, -123.143707696489]
[49.286168968116, -123.143707556265]
[49.286177949869, -123.143707416040]
[49.286186931623, -123.143707275816]
[49.286195913376, -123.143707135592]
[49.286204895129, -123.143706995367]
[49.286213876883, -123.143706855143]
[49.286222858636, -123.143706714918]
[49.286231840390, -123.143706574693]
[49.286240822143, -123.143706434469]
[49.286249803897, -123.143706294244]
[49.286258785650, -123.143706154020]
[49.286267767404, -123.143706013795]
[49.286276749157, -123.143705873570]
[49.286285730910, -123.143705733345]
[49.286294712664, -123.143705593121]
[49.286303694417, -123.143705452896]
[49.286312676171, -123.143705312671]
[49.286321657924, -123.143705172446]
[49.286330639678, -123.143705032221]
[49.286339621431, -123.143704891997]
[49.286348603184, -123.143704751772]
[49.286357584938, -123.143704611547]
[49.286366566691, -123.143704471322]
[49.286375548445, -123.143704331097]
[49.286384530198, -123.143704190872]
[49.286393511952, -123.143704050647]
[49.286402493705, -123.143703910422]
[49.286411475459, -123.143703770197]
[49.286420457212, -123.143703629971]
[49.286400923497, -123.143693382252]
[49.286379479716, -123.143683164953]
[49.286358035935, -123.143672947660]
[49.286336592153, -123.143662730370]
[49.286315148372, -123.143652513086]
[49.286293704591, -123.143642295805]
[49.286272260809, -123.143632078529]
[49.286250817028, -123.143621861258]
[49.286229373247, -123.143611643991]
[49.286207929466, -123.143601426728]
[49.286186485684, -123.143591209470]
[49.286165041903, -123.143580992216]
[49.286143598122, -123.143570774967]
[49.286122154341, -123.143560557722]
[49.286100710559, -123.143550340481]
[49.286079266778, -123.143540123245]
[49.286057822997, -123.143529906014]
[49.286036379215, -123.143519688787]
[49.286014935434, -123.143509471564]
[49.285993491653, -123.143499254346]
[49.285972047872, -123.143489037132]
[49.285950604090, -123.143478819923]
[49.285929160309, -123.143468602718]
[49.285907716528, -123.143458385518]
[49.285886272747, -123.143448168322]
[49.285864828965, -123.143437951130]
[49.285843385184, -123.143427733943]
[49.285821941403, -123.143417516760]
[49.285800497621, -123.143407299582]
[49.285779053840, -123.143397082408]
[49.285757610059, -123.143386865239]
[49.285736166278, -123.143376648074]
[49.285714722496, -123.143366430914]
[49.285693278715, -123.143356213758]
[49.285671834934, -123.143345996606]
[49.285650391153, -123.143335779459]
[49.285628947371, -123.143325562316]
[49.285607503590, -123.143315345178]
[49.285586059809, -123.143305128044]
[49.285564616027, -123.143294910915]
[49.285543172246, -123.143284693790]
[49.286473898212, -123.143693004682]
[49.286525429146, -123.143682409799]
[49.286576960080, -123.143671814904]
[49.286628491013, -123.143661219999]
[49.286680021947, -123.143650625082]
[49.286731552881, -123.143640030155]
[49.286783083814, -123.143629435216]
[49.286834614748, -123.143618840266]
[49.286886145682, -123.143608245305]
[49.286937676616, -123.143597650333]
[49.286989207549, -123.143587055350]
[49.287040738483, -123.143576460356]
[49.287092269417, -123.143565865351]
[49.287143800350, -123.143555270335]
[49.287195331284, -123.143544675308]
[49.287246862218, -123.143534080269]
[49.286444623574, -123.143699023614]
[49.286466879869, -123.143694447672]
[49.286489136165, -123.143689871728]
[49.286511392460, -123.143685295781]
[49.286533648756, -123.143680719833]
[49.286555905052, -123.143676143883]
[49.286578161347, -123.143671567930]
[49.286600417643, -123.143666991975]
[49.286622673938, -123.143662416019]
[49.286644930234, -123.143657840060]
[49.286667186529, -123.143653264099]
[49.286689442825, -123.143648688137]
[49.286711699120, -123.143644112172]
[49.286733955416, -123.143639536205]
[49.286756211711, -123.143634960236]
[49.286778468007, -123.143630384265]
[49.286800724303, -123.143625808291]
[49.286822980598, -123.143621232316]
[49.286845236894, -123.143616656339]
[49.286867493189, -123.143612080359]
[49.286889749485, -123.143607504378]
[49.286912005780, -123.143602928395]
[49.286934262076, -123.143598352409]
[49.286956518371, -123.143593776421]
[49.286978774667, -123.143589200432]
[49.287001030962, -123.143584624440]
[49.287023287258, -123.143580048446]
[49.287045543554, -123.143575472450]
[49.287067799849, -123.143570896452]
[49.287090056145, -123.143566320452]
[49.287112312440, -123.143561744450]
[49.287134568736, -123.143557168446]
[49.287156825031, -123.143552592440]
[49.287179081327, -123.143548016431]
[49.287201337622, -123.143543440421]
[49.287223593918, -123.143538864409]
[49.287245850213, -123.143534288394]
[49.286409905665, -123.143693335778]
[49.286418887833, -123.143693289305]
[49.286427870001, -123.143693242831]
[49.286436852169, -123.143693196358]
[49.286445834337, -123.143693149884]
[49.286454816505, -123.143693103411]
[49.286463798673, -123.143693056937]
[49.286472780841, -123.143693010464]
[49.286388461884, -123.143683118479]
[49.286397444052, -123.143683072005]
[49.286406426220, -123.143683025530]
[49.286415408388, -123.143682979056]
[49.286424390556, -123.143682932582]
[49.286433372724, -123.143682886107]
[49.286442354892, -123.143682839633]
[49.286451337060, -123.143682793158]
[49.286460319228, -123.143682746684]
[49.286469301396, -123.143682700209]
[49.286478283564, -123.143682653735]
[49.286487265732, -123.143682607260]
[49.286496247900, -123.143682560786]
[49.286505230068, -123.143682514311]
[49.286514212236, -123.143682467837]
[49.286523194404, -123.143682421362]
[49.286367018103, -123.143672901184]
[49.286376000271, -123.143672854709]
[49.286384982438, -123.143672808234]
[49.286393964606, -123.143672761759]
[49.286402946774, -123.143672715283]
[49.286411928942, -123.143672668808]
[49.286420911110, -123.143672622333]
[49.286429893278, -123.143672575857]
[49.286438875446, -123.143672529382]
[49.286447857614, -123.143672482907]
[49.286456839782, -123.143672436431]
[49.286465821950, -123.143672389956]
[49.286474804118, -123.143672343481]
[49.286483786286, -123.143672297005]
[49.286492768454, -123.143672250530]
[49.286501750622, -123.143672204055]
[49.286510732790, -123.143672157579]
[49.286519714958, -123.143672111104]
[49.286528697126, -123.143672064628]
[49.286537679294, -123.143672018153]
[49.286546661462, -123.143671971678]
[49.286555643630, -123.143671925202]
[49.286564625798, -123.143671878727]
[49.286573607966, -123.143671832251]
[49.286345574321, -123.143662683894]
[49.286354556489, -123.143662637418]
[49.286363538657, -123.143662590942]
[49.286372520825, -123.143662544466]
[49.286381502993, -123.143662497990]
[49.286390485161, -123.143662451513]
[49.286399467329, -123.143662405037]
[49.286408449497, -123.143662358561]
[49.286417431665, -123.143662312085]
[49.286426413833, -123.143662265609]
[49.286435396001, -123.143662219132]
[49.286444378169, -123.143662172656]
[49.286453360337, -123.143662126180]
[49.286462342505, -123.143662079704]
[49.286471324673, -123.143662033227]
[49.286480306841, -123.143661986751]
[49.286489289009, -123.143661940275]
[49.286498271177, -123.143661893799]
[49.286507253345, -123.143661847322]
[49.286516235513, -123.143661800846]
[49.286525217681, -123.143661754370]
[49.286534199849, -123.143661707893]
[49.286543182017, -123.143661661417]
[49.286552164185, -123.143661614941]
[49.286561146353, -123.143661568464]
[49.286570128521, -123.143661521988]
[49.286579110689, -123.143661475512]
[49.286588092857, -123.143661429035]
[49.286597075025, -123.143661382559]
[49.286606057193, -123.143661336082]
[49.286615039361, -123.143661289606]
[49.286624021529, -123.143661243130]
[49.286324130540, -123.143652466609]
[49.286333112708, -123.143652420131]
[49.286342094876, -123.143652373654]
[49.286351077044, -123.143652327177]
[49.286360059212, -123.143652280700]
[49.286369041380, -123.143652234223]
[49.286378023548, -123.143652187746]
[49.286387005716, -123.143652141269]
[49.286395987884, -123.143652094792]
[49.286404970052, -123.143652048315]
[49.286413952220, -123.143652001838]
[49.286422934388, -123.143651955361]
[49.286431916556, -123.143651908883]
[49.286440898724, -123.143651862406]
[49.286449880892, -123.143651815929]
[49.286458863060, -123.143651769452]
[49.286467845228, -123.143651722975]
[49.286476827396, -123.143651676498]
[49.286485809564, -123.143651630021]
[49.286494791732, -123.143651583543]
[49.286503773900, -123.143651537066]
[49.286512756068, -123.143651490589]
[49.286521738236, -123.143651444112]
[49.286530720404, -123.143651397634]
[49.286539702572, -123.143651351157]
[49.286548684740, -123.143651304680]
[49.286557666908, -123.143651258203]
[49.286566649076, -123.143651211725]
[49.286575631244, -123.143651165248]
[49.286584613412, -123.143651118771]
[49.286593595580, -123.143651072294]
[49.286602577748, -123.143651025816]
[49.286611559916, -123.143650979339]
[49.286620542084, -123.143650932862]
[49.286629524252, -123.143650886384]
[49.286638506420, -123.143650839907]
[49.286647488588, -123.143650793430]
[49.286656470756, -123.143650746952]
[49.286665452924, -123.143650700475]
[49.286674435092, -123.143650653998]
[49.286302686759, -123.143642249327]
[49.286311668927, -123.143642202849]
[49.286320651095, -123.143642156371]
[49.286329633263, -123.143642109893]
[49.286338615431, -123.143642063415]
[49.286347597599, -123.143642016938]
[49.286356579767, -123.143641970460]
[49.286365561935, -123.143641923982]
[49.286374544103, -123.143641877504]
[49.286383526271, -123.143641831026]
[49.286392508439, -123.143641784548]
[49.286401490607, -123.143641738070]
[49.286410472775, -123.143641691592]
[49.286419454943, -123.143641645114]
[49.286428437111, -123.143641598636]
[49.286437419279, -123.143641552157]
[49.286446401446, -123.143641505679]
[49.286455383614, -123.143641459201]
[49.286464365782, -123.143641412723]
[49.286473347950, -123.143641366245]
[49.286482330118, -123.143641319767]
[49.286491312286, -123.143641273289]
[49.286500294454, -123.143641226811]
[49.286509276622, -123.143641180333]
[49.286518258790, -123.143641133855]
[49.286527240958, -123.143641087377]
[49.286536223126, -123.143641040898]
[49.286545205294, -123.143640994420]
[49.286554187462, -123.143640947942]
[49.286563169630, -123.143640901464]
[49.286572151798, -123.143640854986]
[49.286581133966, -123.143640808508]
[49.286590116134, -123.143640762029]
[49.286599098302, -123.143640715551]
[49.286608080470, -123.143640669073]
[49.286617062638, -123.143640622595]
[49.286626044806, -123.143640576117]
[49.286635026974, -123.143640529638]
[49.286644009142, -123.143640483160]
[49.286652991310, -123.143640436682]
[49.286661973478, -123.143640390204]
[49.286670955646, -123.143640343725]
[49.286679937814, -123.143640297247]
[49.286688919982, -123.143640250769]
[49.286697902150, -123.143640204290]
[49.286706884318, -123.143640157812]
[49.286715866486, -123.143640111334]
[49.286724848654, -123.143640064856]
[49.286281242977, -123.143632032050]
[49.286290225145, -123.143631985572]
[49.286299207313, -123.143631939093]
[49.286308189481, -123.143631892614]
[49.286317171649, -123.143631846135]
[49.286326153817, -123.143631799656]
[49.286335135985, -123.143631753177]
[49.286344118153, -123.143631706699]
[49.286353100321, -123.143631660220]
[49.286362082489, -123.143631613741]
[49.286371064657, -123.143631567262]
[49.286380046825, -123.143631520783]
[49.286389028993, -123.143631474304]
[49.286398011161, -123.143631427825]
[49.286406993329, -123.143631381346]
[49.286415975497, -123.143631334867]
[49.286424957665, -123.143631288388]
[49.286433939833, -123.143631241909]
[49.286442922001, -123.143631195430]
[49.286451904169, -123.143631148952]
[49.286460886337, -123.143631102473]
[49.286469868505, -123.143631055994]
[49.286478850673, -123.143631009515]
[49.286487832841, -123.143630963036]
[49.286496815009, -123.143630916557]
[49.286505797177, -123.143630870078]
[49.286514779345, -123.143630823599]
[49.286523761513, -123.143630777119]
[49.286532743681, -123.143630730640]
[49.286541725849, -123.143630684161]
[49.286550708017, -123.143630637682]
[49.286559690185, -123.143630591203]
[49.286568672353, -123.143630544724]
[49.286577654521, -123.143630498245]
[49.286586636689, -123.143630451766]
[49.286595618857, -123.143630405287]
[49.286604601025, -123.143630358808]
[49.286613583193, -123.143630312329]
[49.286622565361, -123.143630265850]
[49.286631547529, -123.143630219370]
[49.286640529697, -123.143630172891]
[49.286649511865, -123.143630126412]
[49.286658494033, -123.143630079933]
[49.286667476201, -123.143630033454]
[49.286676458369, -123.143629986975]
[49.286685440537, -123.143629940495]
[49.286694422705, -123.143629894016]
[49.286703404873, -123.143629847537]
[49.286712387041, -123.143629801058]
[49.286721369209, -123.143629754579]
[49.286730351377, -123.143629708099]
[49.286739333545, -123.143629661620]
[49.286748315713, -123.143629615141]
[49.286757297881, -123.143629568662]
[49.286766280049, -123.143629522182]
[49.286775262217, -123.143629475703]
[49.286259799196, -123.143621814778]
[49.286268781364, -123.143621768298]
[49.286277763532, -123.143621721819]
[49.286286745700, -123.143621675339]
[49.286295727868, -123.143621628859]
[49.286304710036, -123.143621582379]
[49.286313692204, -123.143621535900]
[49.286322674372, -123.143621489420]
[49.286331656540, -123.143621442940]
[49.286340638708, -123.143621396460]
[49.286349620876, -123.143621349981]
[49.286358603044, -123.143621303501]
[49.286367585212, -123.143621257021]
[49.286376567380, -123.143621210541]
[49.286385549548, -123.143621164061]
[49.286394531716, -123.143621117582]
[49.286403513884, -123.143621071102]
[49.286412496052, -123.143621024622]
[49.286421478220, -123.143620978142]
[49.286430460388, -123.143620931662]
[49.286439442556, -123.143620885182]
[49.286448424724, -123.143620838703]
[49.286457406892, -123.143620792223]
[49.286466389060, -123.143620745743]
[49.286475371228, -123.143620699263]
[49.286484353396, -123.143620652783]
[49.286493335564, -123.143620606303]
[49.286502317732, -123.143620559823]
[49.286511299900, -123.143620513343]
[49.286520282068, -123.143620466863]
[49.286529264236, -123.143620420383]
[49.286538246404, -123.143620373903]
[49.286547228572, -123.143620327423]
[49.286556210740, -123.143620280943]
[49.286565192908, -123.143620234463]
[49.286574175076, -123.143620187984]
[49.286583157244, -123.143620141504]
[49.286592139412, -123.143620095024]
[49.286601121580, -123.143620048543]
[49.286610103748, -123.143620002063]
[49.286619085915, -123.143619955583]
[49.286628068083, -123.143619909103]
[49.286637050251, -123.143619862623]
[49.286646032419, -123.143619816143]
[49.286655014587, -123.143619769663]
[49.286663996755, -123.143619723183]
[49.286672978923, -123.143619676703]
[49.286681961091, -123.143619630223]
[49.286690943259, -123.143619583743]
[49.286699925427, -123.143619537263]
[49.286708907595, -123.143619490783]
[49.286717889763, -123.143619444303]
[49.286726871931, -123.143619397822]
[49.286735854099, -123.143619351342]
[49.286744836267, -123.143619304862]
[49.286753818435, -123.143619258382]
[49.286762800603, -123.143619211902]
[49.286771782771, -123.143619165422]
[49.286780764939, -123.143619118941]
[49.286789747107, -123.143619072461]
[49.286798729275, -123.143619025981]
[49.286807711443, -123.143618979501]
[49.286816693611, -123.143618933021]
[49.286825675779, -123.143618886540]
[49.286238355415, -123.143611597510]
[49.286247337583, -123.143611551029]
[49.286256319751, -123.143611504549]
[49.286265301919, -123.143611458068]
[49.286274284087, -123.143611411588]
[49.286283266255, -123.143611365107]
[49.286292248423, -123.143611318626]
[49.286301230591, -123.143611272146]
[49.286310212759, -123.143611225665]
[49.286319194927, -123.143611179184]
[49.286328177095, -123.143611132704]
[49.286337159263, -123.143611086223]
[49.286346141431, -123.143611039742]
[49.286355123599, -123.143610993262]
[49.286364105767, -123.143610946781]
[49.286373087935, -123.143610900300]
[49.286382070103, -123.143610853820]
[49.286391052271, -123.143610807339]
[49.286400034439, -123.143610760858]
[49.286409016607, -123.143610714377]
[49.286417998774, -123.143610667897]
[49.286426980942, -123.143610621416]
[49.286435963110, -123.143610574935]
[49.286444945278, -123.143610528454]
[49.286453927446, -123.143610481974]
[49.286462909614, -123.143610435493]
[49.286471891782, -123.143610389012]
[49.286480873950, -123.143610342531]
[49.286489856118, -123.143610296050]
[49.286498838286, -123.143610249570]
[49.286507820454, -123.143610203089]
[49.286516802622, -123.143610156608]
[49.286525784790, -123.143610110127]
[49.286534766958, -123.143610063646]
[49.286543749126, -123.143610017165]
[49.286552731294, -123.143609970685]
[49.286561713462, -123.143609924204]
[49.286570695630, -123.143609877723]
[49.286579677798, -123.143609831242]
[49.286588659966, -123.143609784761]
[49.286597642134, -123.143609738280]
[49.286606624302, -123.143609691799]
[49.286615606470, -123.143609645318]
[49.286624588638, -123.143609598837]
[49.286633570806, -123.143609552356]
[49.286642552974, -123.143609505875]
[49.286651535142, -123.143609459394]
[49.286660517310, -123.143609412913]
[49.286669499478, -123.143609366432]
[49.286678481646, -123.143609319951]
[49.286687463814, -123.143609273470]
[49.286696445982, -123.143609226989]
[49.286705428150, -123.143609180508]
[49.286714410318, -123.143609134027]
[49.286723392486, -123.143609087546]
[49.286732374654, -123.143609041065]
[49.286741356822, -123.143608994584]
[49.286750338990, -123.143608948103]
[49.286759321158, -123.143608901622]
[49.286768303326, -123.143608855141]
[49.286777285494, -123.143608808660]
[49.286786267662, -123.143608762179]
[49.286795249830, -123.143608715698]
[49.286804231998, -123.143608669217]
[49.286813214166, -123.143608622736]
[49.286822196334, -123.143608576254]
[49.286831178502, -123.143608529773]
[49.286840160670, -123.143608483292]
[49.286849142838, -123.143608436811]
[49.286858125006, -123.143608390330]
[49.286867107174, -123.143608343849]
[49.286876089342, -123.143608297367]
[49.286885071510, -123.143608250886]
[49.286216911634, -123.143601380246]
[49.286225893802, -123.143601333765]
[49.286234875970, -123.143601287284]
[49.286243858138, -123.143601240802]
[49.286252840306, -123.143601194321]
[49.286261822473, -123.143601147839]
[49.286270804641, -123.143601101358]
[49.286279786809, -123.143601054876]
[49.286288768977, -123.143601008394]
[49.286297751145, -123.143600961913]
[49.286306733313, -123.143600915431]
[49.286315715481, -123.143600868950]
[49.286324697649, -123.143600822468]
[49.286333679817, -123.143600775987]
[49.286342661985, -123.143600729505]
[49.286351644153, -123.143600683024]
[49.286360626321, -123.143600636542]
[49.286369608489, -123.143600590060]
[49.286378590657, -123.143600543579]
[49.286387572825, -123.143600497097]
[49.286396554993, -123.143600450615]
[49.286405537161, -123.143600404134]
[49.286414519329, -123.143600357652]
[49.286423501497, -123.143600311171]
[49.286432483665, -123.143600264689]
[49.286441465833, -123.143600218207]
[49.286450448001, -123.143600171726]
[49.286459430169, -123.143600125244]
[49.286468412337, -123.143600078762]
[49.286477394505, -123.143600032280]
[49.286486376673, -123.143599985799]
[49.286495358841, -123.143599939317]
[49.286504341009, -123.143599892835]
[49.286513323177, -123.143599846353]
[49.286522305345, -123.143599799872]
[49.286531287513, -123.143599753390]
[49.286540269681, -123.143599706908]
[49.286549251849, -123.143599660426]
[49.286558234017, -123.143599613945]
[49.286567216185, -123.143599567463]
[49.286576198353, -123.143599520981]
[49.286585180521, -123.143599474499]
[49.286594162689, -123.143599428017]
[49.286603144857, -123.143599381536]
[49.286612127025, -123.143599335054]
[49.286621109193, -123.143599288572]
[49.286630091361, -123.143599242090]
[49.286639073529, -123.143599195608]
[49.286648055697, -123.143599149126]
[49.286657037865, -123.143599102644]
[49.286666020033, -123.143599056163]
[49.286675002201, -123.143599009681]
[49.286683984369, -123.143598963199]
[49.286692966537, -123.143598916717]
[49.286701948704, -123.143598870235]
[49.286710930872, -123.143598823753]
[49.286719913040, -123.143598777271]
[49.286728895208, -123.143598730789]
[49.286737877376, -123.143598684307]
[49.286746859544, -123.143598637825]
[49.286755841712, -123.143598591343]
[49.286764823880, -123.143598544861]
[49.286773806048, -123.143598498379]
[49.286782788216, -123.143598451897]
[49.286791770384, -123.143598405415]
[49.286800752552, -123.143598358933]
[49.286809734720, -123.143598312451]
[49.286818716888, -123.143598265969]
[49.286827699056, -123.143598219487]
[49.286836681224, -123.143598173005]
[49.286845663392, -123.143598126523]
[49.286854645560, -123.143598080041]
[49.286863627728, -123.143598033559]
[49.286872609896, -123.143597987077]
[49.286881592064, -123.143597940595]
[49.286890574232, -123.143597894113]
[49.286899556400, -123.143597847631]
[49.286908538568, -123.143597801149]
[49.286917520736, -123.143597754666]
[49.286926502904, -123.143597708184]
[49.286935485072, -123.143597661702]
[49.286195467852, -123.143591162987]
[49.286204450020, -123.143591116505]
[49.286213432188, -123.143591070023]
[49.286222414356, -123.143591023540]
[49.286231396524, -123.143590977058]
[49.286240378692, -123.143590930576]
[49.286249360860, -123.143590884093]
[49.286258343028, -123.143590837611]
[49.286267325196, -123.143590791128]
[49.286276307364, -123.143590744646]
[49.286285289532, -123.143590698163]
[49.286294271700, -123.143590651681]
[49.286303253868, -123.143590605199]
[49.286312236036, -123.143590558716]
[49.286321218204, -123.143590512234]
[49.286330200372, -123.143590465751]
[49.286339182540, -123.143590419269]
[49.286348164708, -123.143590372786]
[49.286357146876, -123.143590326304]
[49.286366129044, -123.143590279821]
[49.286375111212, -123.143590233339]
[49.286384093380, -123.143590186856]
[49.286393075548, -123.143590140374]
[49.286402057716, -123.143590093891]
[49.286411039884, -123.143590047409]
[49.286420022052, -123.143590000926]
[49.286429004220, -123.143589954443]
[49.286437986388, -123.143589907961]
[49.286446968556, -123.143589861478]
[49.286455950724, -123.143589814996]
[49.286464932892, -123.143589768513]
[49.286473915060, -123.143589722030]
[49.286482897228, -123.143589675548]
[49.286491879396, -123.143589629065]
[49.286500861564, -123.143589582583]
[49.286509843732, -123.143589536100]
[49.286518825900, -123.143589489617]
[49.286527808067, -123.143589443135]
[49.286536790235, -123.143589396652]
[49.286545772403, -123.143589350169]
[49.286554754571, -123.143589303687]
[49.286563736739, -123.143589257204]
[49.286572718907, -123.143589210721]
[49.286581701075, -123.143589164238]
[49.286590683243, -123.143589117756]
[49.286599665411, -123.143589071273]
[49.286608647579, -123.143589024790]
[49.286617629747, -123.143588978308]
[49.286626611915, -123.143588931825]
[49.286635594083, -123.143588885342]
[49.286644576251, -123.143588838859]
[49.286653558419, -123.143588792376]
[49.286662540587, -123.143588745894]
[49.286671522755, -123.143588699411]
[49.286680504923, -123.143588652928]
[49.286689487091, -123.143588606445]
[49.286698469259, -123.143588559962]
[49.286707451427, -123.143588513480]
[49.286716433595, -123.143588466997]
[49.286725415763, -123.143588420514]
[49.286734397931, -123.143588374031]
[49.286743380099, -123.143588327548]
[49.286752362267, -123.143588281065]
[49.286761344435, -123.143588234582]
[49.286770326603, -123.143588188100]
[49.286779308771, -123.143588141617]
[49.286788290939, -123.143588095134]
[49.286797273107, -123.143588048651]
[49.286806255275, -123.143588002168]
[49.286815237443, -123.143587955685]
[49.286824219611, -123.143587909202]
[49.286833201779, -123.143587862719]
[49.286842183947, -123.143587816236]
[49.286851166115, -123.143587769753]
[49.286860148283, -123.143587723270]
[49.286869130451, -123.143587676787]
[49.286878112619, -123.143587630304]
[49.286887094787, -123.143587583821]
[49.286896076955, -123.143587537338]
[49.286905059123, -123.143587490855]
[49.286914041291, -123.143587444372]
[49.286923023459, -123.143587397889]
[49.286932005626, -123.143587351406]
[49.286940987794, -123.143587304923]
[49.286949969962, -123.143587258440]
[49.286958952130, -123.143587211957]
[49.286967934298, -123.143587165474]
[49.286976916466, -123.143587118991]
[49.286985898634, -123.143587072508]
[49.286174024071, -123.143580945733]
[49.286183006239, -123.143580899250]
[49.286191988407, -123.143580852766]
[49.286200970575, -123.143580806283]
[49.286209952743, -123.143580759800]
[49.286218934911, -123.143580713316]
[49.286227917079, -123.143580666833]
[49.286236899247, -123.143580620350]
[49.286245881415, -123.143580573867]
[49.286254863583, -123.143580527383]
[49.286263845751, -123.143580480900]
[49.286272827919, -123.143580434417]
[49.286281810087, -123.143580387933]
[49.286290792255, -123.143580341450]
[49.286299774423, -123.143580294967]
[49.286308756591, -123.143580248483]
[49.286317738759, -123.143580202000]
[49.286326720927, -123.143580155516]
[49.286335703095, -123.143580109033]
[49.286344685263, -123.143580062550]
[49.286353667431, -123.143580016066]
[49.286362649599, -123.143579969583]
[49.286371631767, -123.143579923099]
[49.286380613934, -123.143579876616]
[49.286389596102, -123.143579830133]
[49.286398578270, -123.143579783649]
[49.286407560438, -123.143579737166]
[49.286416542606, -123.143579690682]
[49.286425524774, -123.143579644199]
[49.286434506942, -123.143579597715]
[49.286443489110, -123.143579551232]
[49.286452471278, -123.143579504748]
[49.286461453446, -123.143579458265]
[49.286470435614, -123.143579411781]
[49.286479417782, -123.143579365298]
[49.286488399950, -123.143579318814]
[49.286497382118, -123.143579272331]
[49.286506364286, -123.143579225847]
[49.286515346454, -123.143579179364]
[49.286524328622, -123.143579132880]
[49.286533310790, -123.143579086396]
[49.286542292958, -123.143579039913]
[49.286551275126, -123.143578993429]
[49.286560257294, -123.143578946946]
[49.286569239462, -123.143578900462]
[49.286578221630, -123.143578853978]
[49.286587203798, -123.143578807495]
[49.286596185966, -123.143578761011]
[49.286605168134, -123.143578714528]
[49.286614150302, -123.143578668044]
[49.286623132470, -123.143578621560]
[49.286632114638, -123.143578575077]
[49.286641096806, -123.143578528593]
[49.286650078974, -123.143578482109]
[49.286659061142, -123.143578435626]
[49.286668043310, -123.143578389142]
[49.286677025478, -123.143578342658]
[49.286686007646, -123.143578296174]
[49.286694989814, -123.143578249691]
[49.286703971982, -123.143578203207]
[49.286712954150, -123.143578156723]
[49.286721936318, -123.143578110239]
[49.286730918486, -123.143578063756]
[49.286739900654, -123.143578017272]
[49.286748882821, -123.143577970788]
[49.286757864989, -123.143577924304]
[49.286766847157, -123.143577877821]
[49.286775829325, -123.143577831337]
[49.286784811493, -123.143577784853]
[49.286793793661, -123.143577738369]
[49.286802775829, -123.143577691885]
[49.286811757997, -123.143577645402]
[49.286820740165, -123.143577598918]
[49.286829722333, -123.143577552434]
[49.286838704501, -123.143577505950]
[49.286847686669, -123.143577459466]
[49.286856668837, -123.143577412982]
[49.286865651005, -123.143577366498]
[49.286874633173, -123.143577320014]
[49.286883615341, -123.143577273531]
[49.286892597509, -123.143577227047]
[49.286901579677, -123.143577180563]
[49.286910561845, -123.143577134079]
[49.286919544013, -123.143577087595]
[49.286928526181, -123.143577041111]
[49.286937508349, -123.143576994627]
[49.286946490517, -123.143576948143]
[49.286955472685, -123.143576901659]
[49.286964454853, -123.143576855175]
[49.286973437021, -123.143576808691]
[49.286982419189, -123.143576762207]
[49.286991401357, -123.143576715723]
[49.287000383525, -123.143576669239]
[49.287009365693, -123.143576622755]
[49.287018347861, -123.143576576271]
[49.287027330029, -123.143576529787]
[49.287036312197, -123.143576483303]
[49.286152580290, -123.143570728483]
[49.286161562458, -123.143570681998]
[49.286170544626, -123.143570635514]
[49.286179526794, -123.143570589030]
[49.286188508962, -123.143570542546]
[49.286197491130, -123.143570496062]
[49.286206473298, -123.143570449578]
[49.286215455466, -123.143570403094]
[49.286224437634, -123.143570356609]
[49.286233419802, -123.143570310125]
[49.286242401970, -123.143570263641]
[49.286251384137, -123.143570217157]
[49.286260366305, -123.143570170672]
[49.286269348473, -123.143570124188]
[49.286278330641, -123.143570077704]
[49.286287312809, -123.143570031220]
[49.286296294977, -123.143569984736]
[49.286305277145, -123.143569938251]
[49.286314259313, -123.143569891767]
[49.286323241481, -123.143569845283]
[49.286332223649, -123.143569798798]
[49.286341205817, -123.143569752314]
[49.286350187985, -123.143569705830]
[49.286359170153, -123.143569659345]
[49.286368152321, -123.143569612861]
[49.286377134489, -123.143569566377]
[49.286386116657, -123.143569519892]
[49.286395098825, -123.143569473408]
[49.286404080993, -123.143569426924]
[49.286413063161, -123.143569380439]
[49.286422045329, -123.143569333955]
[49.286431027497, -123.143569287471]
[49.286440009665, -123.143569240986]
[49.286448991833, -123.143569194502]
[49.286457974001, -123.143569148017]
[49.286466956169, -123.143569101533]
[49.286475938337, -123.143569055049]
[49.286484920505, -123.143569008564]
[49.286493902673, -123.143568962080]
[49.286502884841, -123.143568915595]
[49.286511867009, -123.143568869111]
[49.286520849177, -123.143568822626]
[49.286529831345, -123.143568776142]
[49.286538813513, -123.143568729657]
[49.286547795681, -123.143568683173]
[49.286556777849, -123.143568636688]
[49.286565760017, -123.143568590204]
[49.286574742185, -123.143568543719]
[49.286583724353, -123.143568497235]
[49.286592706520, -123.143568450750]
[49.286601688688, -123.143568404266]
[49.286610670856, -123.143568357781]
[49.286619653024, -123.143568311297]
[49.286628635192, -123.143568264812]
[49.286637617360, -123.143568218328]
[49.286646599528, -123.143568171843]
[49.286655581696, -123.143568125358]
[49.286664563864, -123.143568078874]
[49.286673546032, -123.143568032389]
[49.286682528200, -123.143567985905]
[49.286691510368, -123.143567939420]
[49.286700492536, -123.143567892935]
[49.286709474704, -123.143567846451]
[49.286718456872, -123.143567799966]
[49.286727439040, -123.143567753481]
[49.286736421208, -123.143567706997]
[49.286745403376, -123.143567660512]
[49.286754385544, -123.143567614027]
[49.286763367712, -123.143567567543]
[49.286772349880, -123.143567521058]
[49.286781332048, -123.143567474573]
[49.286790314216, -123.143567428088]
[49.286799296384, -123.143567381604]
[49.286808278552, -123.143567335119]
[49.286817260720, -123.143567288634]
[49.286826242888, -123.143567242149]
[49.286835225056, -123.143567195665]
[49.286844207224, -123.143567149180]
[49.286853189392, -123.143567102695]
[49.286862171560, -123.143567056210]
[49.286871153728, -123.143567009726]
[49.286880135896, -123.143566963241]
[49.286889118064, -123.143566916756]
[49.286898100232, -123.143566870271]
[49.286907082400, -123.143566823786]
[49.286916064568, -123.143566777301]
[49.286925046736, -123.143566730817]
[49.286934028903, -123.143566684332]
[49.286943011071, -123.143566637847]
[49.286951993239, -123.143566591362]
[49.286960975407, -123.143566544877]
[49.286969957575, -123.143566498392]
[49.286978939743, -123.143566451907]
[49.286987921911, -123.143566405422]
[49.286996904079, -123.143566358937]
[49.287005886247, -123.143566312453]
[49.287014868415, -123.143566265968]
[49.287023850583, -123.143566219483]
[49.287032832751, -123.143566172998]
[49.287041814919, -123.143566126513]
[49.287050797087, -123.143566080028]
[49.287059779255, -123.143566033543]
[49.287068761423, -123.143565987058]
[49.287077743591, -123.143565940573]
[49.287086725759, -123.143565894088]
[49.286131136508, -123.143560511237]
[49.286140118676, -123.143560464752]
[49.286149100844, -123.143560418267]
[49.286158083012, -123.143560371782]
[49.286167065180, -123.143560325297]
[49.286176047348, -123.143560278812]
[49.286185029516, -123.143560232327]
[49.286194011684, -123.143560185842]
[49.286202993852, -123.143560139356]
[49.286211976020, -123.143560092871]
[49.286220958188, -123.143560046386]
[49.286229940356, -123.143559999901]
[49.286238922524, -123.143559953416]
[49.286247904692, -123.143559906931]
[49.286256886860, -123.143559860446]
[49.286265869028, -123.143559813961]
[49.286274851196, -123.143559767476]
[49.286283833364, -123.143559720990]
[49.286292815532, -123.143559674505]
[49.286301797700, -123.143559628020]
[49.286310779868, -123.143559581535]
[49.286319762036, -123.143559535050]
[49.286328744204, -123.143559488565]
[49.286337726372, -123.143559442079]
[49.286346708540, -123.143559395594]
[49.286355690708, -123.143559349109]
[49.286364672876, -123.143559302624]
[49.286373655044, -123.143559256138]
[49.286382637212, -123.143559209653]
[49.286391619380, -123.143559163168]
[49.286400601548, -123.143559116683]
[49.286409583716, -123.143559070197]
[49.286418565884, -123.143559023712]
[49.286427548052, -123.143558977227]
[49.286436530220, -123.143558930742]
[49.286445512388, -123.143558884256]
[49.286454494555, -123.143558837771]
[49.286463476723, -123.143558791286]
[49.286472458891, -123.143558744800]
[49.286481441059, -123.143558698315]
[49.286490423227, -123.143558651830]
[49.286499405395, -123.143558605344]
[49.286508387563, -123.143558558859]
[49.286517369731, -123.143558512374]
[49.286526351899, -123.143558465888]
[49.286535334067, -123.143558419403]
[49.286544316235, -123.143558372917]
[49.286553298403, -123.143558326432]
[49.286562280571, -123.143558279947]
[49.286571262739, -123.143558233461]
[49.286580244907, -123.143558186976]
[49.286589227075, -123.143558140490]
[49.286598209243, -123.143558094005]
[49.286607191411, -123.143558047519]
[49.286616173579, -123.143558001034]
[49.286625155747, -123.143557954548]
[49.286634137915, -123.143557908063]
[49.286643120083, -123.143557861577]
[49.286652102251, -123.143557815092]
[49.286661084419, -123.143557768606]
[49.286670066587, -123.143557722121]
[49.286679048755, -123.143557675635]
[49.286688030923, -123.143557629150]
[49.286697013091, -123.143557582664]
[49.286705995259, -123.143557536179]
[49.286714977427, -123.143557489693]
[49.286723959595, -123.143557443208]
[49.286732941763, -123.143557396722]
[49.286741923931, -123.143557350237]
[49.286750906099, -123.143557303751]
[49.286759888267, -123.143557257265]
[49.286768870434, -123.143557210780]
[49.286777852602, -123.143557164294]
[49.286786834770, -123.143557117809]
[49.286795816938, -123.143557071323]
[49.286804799106, -123.143557024837]
[49.286813781274, -123.143556978352]
[49.286822763442, -123.143556931866]
[49.286831745610, -123.143556885380]
[49.286840727778, -123.143556838895]
[49.286849709946, -123.143556792409]
[49.286858692114, -123.143556745923]
[49.286867674282, -123.143556699438]
[49.286876656450, -123.143556652952]
[49.286885638618, -123.143556606466]
[49.286894620786, -123.143556559980]
[49.286903602954, -123.143556513495]
[49.286912585122, -123.143556467009]
[49.286921567290, -123.143556420523]
[49.286930549458, -123.143556374037]
[49.286939531626, -123.143556327552]
[49.286948513794, -123.143556281066]
[49.286957495962, -123.143556234580]
[49.286966478130, -123.143556188094]
[49.286975460298, -123.143556141608]
[49.286984442466, -123.143556095123]
[49.286993424634, -123.143556048637]
[49.287002406802, -123.143556002151]
[49.287011388970, -123.143555955665]
[49.287020371138, -123.143555909179]
[49.287029353306, -123.143555862693]
[49.287038335474, -123.143555816208]
[49.287047317642, -123.143555769722]
[49.287056299810, -123.143555723236]
[49.287065281978, -123.143555676750]
[49.287074264146, -123.143555630264]
[49.287083246314, -123.143555583778]
[49.287092228481, -123.143555537292]
[49.287101210649, -123.143555490806]
[49.287110192817, -123.143555444320]
[49.287119174985, -123.143555397834]
[49.287128157153, -123.143555351348]
[49.287137139321, -123.143555304863]
[49.286109692727, -123.143550293996]
[49.286118674895, -123.143550247510]
[49.286127657063, -123.143550201024]
[49.286136639231, -123.143550154538]
[49.286145621399, -123.143550108052]
[49.286154603567, -123.143550061566]
[49.286163585735, -123.143550015080]
[49.286172567903, -123.143549968594]
[49.286181550071, -123.143549922108]
[49.286190532239, -123.143549875622]
[49.286199514407, -123.143549829136]
[49.286208496575, -123.143549782650]
[49.286217478743, -123.143549736164]
[49.286226460911, -123.143549689678]
[49.286235443079, -123.143549643192]
[49.286244425247, -123.143549596706]
[49.286253407415, -123.143549550220]
[49.286262389583, -123.143549503734]
[49.286271371751, -123.143549457248]
[49.286280353919, -123.143549410762]
[49.286289336087, -123.143549364276]
[49.286298318255, -123.143549317790]
[49.286307300423, -123.143549271304]
[49.286316282591, -123.143549224818]
[49.286325264758, -123.143549178332]
[49.286334246926, -123.143549131845]
[49.286343229094, -123.143549085359]
[49.286352211262, -123.143549038873]
[49.286361193430, -123.143548992387]
[49.286370175598, -123.143548945901]
[49.286379157766, -123.143548899415]
[49.286388139934, -123.143548852929]
[49.286397122102, -123.143548806443]
[49.286406104270, -123.143548759956]
[49.286415086438, -123.143548713470]
[49.286424068606, -123.143548666984]
[49.286433050774, -123.143548620498]
[49.286442032942, -123.143548574012]
[49.286451015110, -123.143548527525]
[49.286459997278, -123.143548481039]
[49.286468979446, -123.143548434553]
[49.286477961614, -123.143548388067]
[49.286486943782, -123.143548341580]
[49.286495925950, -123.143548295094]
[49.286504908118, -123.143548248608]
[49.286513890286, -123.143548202122]
[49.286522872454, -123.143548155635]
[49.286531854622, -123.143548109149]
[49.286540836790, -123.143548062663]
[49.286549818958, -123.143548016176]
[49.286558801126, -123.143547969690]
[49.286567783294, -123.143547923204]
[49.286576765462, -123.143547876717]
[49.286585747630, -123.143547830231]
[49.286594729798, -123.143547783745]
[49.286603711966, -123.143547737258]
[49.286612694134, -123.143547690772]
[49.286621676301, -123.143547644286]
[49.286630658469, -123.143547597799]
[49.286639640637, -123.143547551313]
[49.286648622805, -123.143547504826]
[49.286657604973, -123.143547458340]
[49.286666587141, -123.143547411854]
[49.286675569309, -123.143547365367]
[49.286684551477, -123.143547318881]
[49.286693533645, -123.143547272394]
[49.286702515813, -123.143547225908]
[49.286711497981, -123.143547179421]
[49.286720480149, -123.143547132935]
[49.286729462317, -123.143547086449]
[49.286738444485, -123.143547039962]
[49.286747426653, -123.143546993476]
[49.286756408821, -123.143546946989]
[49.286765390989, -123.143546900503]
[49.286774373157, -123.143546854016]
[49.286783355325, -123.143546807529]
[49.286792337493, -123.143546761043]
[49.286801319661, -123.143546714556]
[49.286810301829, -123.143546668070]
[49.286819283997, -123.143546621583]
[49.286828266165, -123.143546575097]
[49.286837248333, -123.143546528610]
[49.286846230501, -123.143546482124]
[49.286855212669, -123.143546435637]
[49.286864194837, -123.143546389150]
[49.286873177005, -123.143546342664]
[49.286882159173, -123.143546296177]
[49.286891141341, -123.143546249690]
[49.286900123509, -123.143546203204]
[49.286909105677, -123.143546156717]
[49.286918087844, -123.143546110231]
[49.286927070012, -123.143546063744]
[49.286936052180, -123.143546017257]
[49.286945034348, -123.143545970771]
[49.286954016516, -123.143545924284]
[49.286962998684, -123.143545877797]
[49.286971980852, -123.143545831310]
[49.286980963020, -123.143545784824]
[49.286989945188, -123.143545738337]
[49.286998927356, -123.143545691850]
[49.287007909524, -123.143545645364]
[49.287016891692, -123.143545598877]
[49.287025873860, -123.143545552390]
[49.287034856028, -123.143545505903]
[49.287043838196, -123.143545459416]
[49.287052820364, -123.143545412930]
[49.287061802532, -123.143545366443]
[49.287070784700, -123.143545319956]
[49.287079766868, -123.143545273469]
[49.287088749036, -123.143545226982]
[49.287097731204, -123.143545180496]
[49.287106713372, -123.143545134009]
[49.287115695540, -123.143545087522]
[49.287124677708, -123.143545041035]
[49.287133659876, -123.143544994548]
[49.287142642044, -123.143544948061]
[49.287151624212, -123.143544901575]
[49.287160606380, -123.143544855088]
[49.287169588548, -123.143544808601]
[49.287178570716, -123.143544762114]
[49.287187552884, -123.143544715627]
[49.286088248946, -123.143540076759]
[49.286097231114, -123.143540030272]
[49.286106213282, -123.143539983785]
[49.286115195450, -123.143539937298]
[49.286124177618, -123.143539890811]
[49.286133159786, -123.143539844325]
[49.286142141954, -123.143539797838]
[49.286151124122, -123.143539751351]
[49.286160106290, -123.143539704864]
[49.286169088458, -123.143539658377]
[49.286178070626, -123.143539611890]
[49.286187052794, -123.143539565404]
[49.286196034962, -123.143539518917]
[49.286205017130, -123.143539472430]
[49.286213999297, -123.143539425943]
[49.286222981465, -123.143539379456]
[49.286231963633, -123.143539332969]
[49.286240945801, -123.143539286482]
[49.286249927969, -123.143539239995]
[49.286258910137, -123.143539193508]
[49.286267892305, -123.143539147021]
[49.286276874473, -123.143539100534]
[49.286285856641, -123.143539054047]
[49.286294838809, -123.143539007560]
[49.286303820977, -123.143538961073]
[49.286312803145, -123.143538914586]
[49.286321785313, -123.143538868099]
[49.286330767481, -123.143538821612]
[49.286339749649, -123.143538775125]
[49.286348731817, -123.143538728638]
[49.286357713985, -123.143538682151]
[49.286366696153, -123.143538635664]
[49.286375678321, -123.143538589177]
[49.286384660489, -123.143538542690]
[49.286393642657, -123.143538496203]
[49.286402624825, -123.143538449716]
[49.286411606993, -123.143538403229]
[49.286420589161, -123.143538356742]
[49.286429571329, -123.143538310255]
[49.286438553497, -123.143538263768]
[49.286447535665, -123.143538217281]
[49.286456517833, -123.143538170793]
[49.286465500001, -123.143538124306]
[49.286474482169, -123.143538077819]
[49.286483464337, -123.143538031332]
[49.286492446504, -123.143537984845]
[49.286501428672, -123.143537938358]
[49.286510410840, -123.143537891871]
[49.286519393008, -123.143537845383]
[49.286528375176, -123.143537798896]
[49.286537357344, -123.143537752409]
[49.286546339512, -123.143537705922]
[49.286555321680, -123.143537659435]
[49.286564303848, -123.143537612947]
[49.286573286016, -123.143537566460]
[49.286582268184, -123.143537519973]
[49.286591250352, -123.143537473486]
[49.286600232520, -123.143537426998]
[49.286609214688, -123.143537380511]
[49.286618196856, -123.143537334024]
[49.286627179024, -123.143537287536]
[49.286636161192, -123.143537241049]
[49.286645143360, -123.143537194562]
[49.286654125528, -123.143537148075]
[49.286663107696, -123.143537101587]
[49.286672089864, -123.143537055100]
[49.286681072032, -123.143537008613]
[49.286690054200, -123.143536962125]
[49.286699036368, -123.143536915638]
[49.286708018536, -123.143536869150]
[49.286717000704, -123.143536822663]
[49.286725982872, -123.143536776176]
[49.286734965040, -123.143536729688]
[49.286743947208, -123.143536683201]
[49.286752929376, -123.143536636714]
[49.286761911544, -123.143536590226]
[49.286770893711, -123.143536543739]
[49.286779875879, -123.143536497251]
[49.286788858047, -123.143536450764]
[49.286797840215, -123.143536404276]
[49.286806822383, -123.143536357789]
[49.286815804551, -123.143536311301]
[49.286824786719, -123.143536264814]
[49.286833768887, -123.143536218327]
[49.286842751055, -123.143536171839]
[49.286851733223, -123.143536125352]
[49.286860715391, -123.143536078864]
[49.286869697559, -123.143536032377]
[49.286878679727, -123.143535985889]
[49.286887661895, -123.143535939401]
[49.286896644063, -123.143535892914]
[49.286905626231, -123.143535846426]
[49.286914608399, -123.143535799939]
[49.286923590567, -123.143535753451]
[49.286932572735, -123.143535706964]
[49.286941554903, -123.143535660476]
[49.286950537071, -123.143535613989]
[49.286959519239, -123.143535567501]
[49.286968501407, -123.143535521013]
[49.286977483575, -123.143535474526]
[49.286986465743, -123.143535428038]
[49.286995447911, -123.143535381550]
[49.287004430079, -123.143535335063]
[49.287013412247, -123.143535288575]
[49.287022394415, -123.143535242087]
[49.287031376583, -123.143535195600]
[49.287040358751, -123.143535149112]
[49.287049340918, -123.143535102624]
[49.287058323086, -123.143535056137]
[49.287067305254, -123.143535009649]
[49.287076287422, -123.143534963161]
[49.287085269590, -123.143534916674]
[49.287094251758, -123.143534870186]
[49.287103233926, -123.143534823698]
[49.287112216094, -123.143534777210]
[49.287121198262, -123.143534730723]
[49.287130180430, -123.143534684235]
[49.287139162598, -123.143534637747]
[49.287148144766, -123.143534591259]
[49.287157126934, -123.143534544772]
[49.287166109102, -123.143534498284]
[49.287175091270, -123.143534451796]
[49.287184073438, -123.143534405308]
[49.287193055606, -123.143534358820]
[49.287202037774, -123.143534312332]
[49.287211019942, -123.143534265845]
[49.287220002110, -123.143534219357]
[49.287228984278, -123.143534172869]
[49.287237966446, -123.143534126381]
[49.287224638327, -123.143529145398]
[49.287202414551, -123.143524211857]
[49.287180190776, -123.143519278319]
[49.287157967001, -123.143514344783]
[49.287135743226, -123.143509411249]
[49.287113519451, -123.143504477718]
[49.287091295676, -123.143499544189]
[49.287069071901, -123.143494610661]
[49.287046848126, -123.143489677137]
[49.287024624351, -123.143484743614]
[49.287002400575, -123.143479810093]
[49.286980176800, -123.143474876575]
[49.286957953025, -123.143469943059]
[49.286935729250, -123.143465009545]
[49.286913505475, -123.143460076034]
[49.286891281700, -123.143455142525]
[49.286869057925, -123.143450209017]
[49.286846834150, -123.143445275513]
[49.286824610374, -123.143440342010]
[49.286802386599, -123.143435408510]
[49.286780162824, -123.143430475011]
[49.286757939049, -123.143425541515]
[49.286735715274, -123.143420608022]
[49.286713491499, -123.143415674530]
[49.286691267724, -123.143410741041]
[49.286669043949, -123.143405807554]
[49.286646820174, -123.143400874069]
[49.286624596398, -123.143395940586]
[49.286602372623, -123.143391007106]
[49.286580148848, -123.143386073628]
[49.286557925073, -123.143381140152]
[49.286535701298, -123.143376206678]
[49.286513477523, -123.143371273206]
[49.286491253748, -123.143366339737]
[49.286469029973, -123.143361406270]
[49.286446806197, -123.143356472805]
[49.286424582422, -123.143351539342]
[49.286402358647, -123.143346605882]
[49.286380134872, -123.143341672424]
[49.286357911097, -123.143336738968]
[49.286335687322, -123.143331805514]
[49.286313463547, -123.143326872063]
[49.286291239772, -123.143321938613]
[49.286269015997, -123.143317005166]
[49.286246792221, -123.143312071721]
[49.286224568446, -123.143307138279]
[49.286202344671, -123.143302204838]
[49.286180120896, -123.143297271400]
[49.286157897121, -123.143292337964]
[49.286135673346, -123.143287404531]
[49.286113449571, -123.143282471099]
[49.286091225796, -123.143277537670]
[49.286069002020, -123.143272604243]
[49.286046778245, -123.143267670818]
[49.286024554470, -123.143262737395]
[49.286002330695, -123.143257803975]
[49.285980106920, -123.143252870557]
[49.285957883145, -123.143247937141]
[49.285935659370, -123.143243003727]
[49.285913435595, -123.143238070316]
[49.285891211820, -123.143233136907]
[49.285868988044, -123.143228203499]
[49.285846764269, -123.143223270095]
[49.285824540494, -123.143218336692]
[49.287300195183, -123.143528551136]
[49.287353528265, -123.143523023326]
[49.287406861347, -123.143517495510]
[49.287460194429, -123.143511967687]
[49.287513527511, -123.143506439859]
[49.287566860592, -123.143500912025]
[49.287620193674, -123.143495384184]
[49.287673526756, -123.143489856338]
[49.287269266508, -123.143531756797]
[49.287291670915, -123.143529434651]
[49.287314075322, -123.143527112505]
[49.287336479729, -123.143524790358]
[49.287358884135, -123.143522468210]
[49.287381288542, -123.143520146060]
[49.287403692949, -123.143517823910]
[49.287426097356, -123.143515501758]
[49.287448501762, -123.143513179606]
[49.287470906169, -123.143510857452]
[49.287493310576, -123.143508535298]
[49.287515714983, -123.143506213142]
[49.287538119389, -123.143503890985]
[49.287560523796, -123.143501568828]
[49.287582928203, -123.143499246669]
[49.287605332610, -123.143496924509]
[49.287627737016, -123.143494602348]
[49.287650141423, -123.143492280186]
[49.287672545830, -123.143489958023]
[49.287233620428, -123.143529074753]
[49.287242602528, -123.143529004108]
[49.287251584629, -123.143528933463]
[49.287260566730, -123.143528862818]
[49.287269548831, -123.143528792173]
[49.287278530932, -123.143528721528]
[49.287287513033, -123.143528650883]
[49.287296495134, -123.143528580238]
[49.287211396652, -123.143524141212]
[49.287220378753, -123.143524070567]
[49.287229360854, -123.143523999921]
[49.287238342955, -123.143523929276]
[49.287247325056, -123.143523858631]
[49.287256307157, -123.143523787985]
[49.287265289258, -123.143523717340]
[49.287274271359, -123.143523646694]
[49.287283253460, -123.143523576049]
[49.287292235561, -123.143523505403]
[49.287301217662, -123.143523434758]
[49.287310199763, -123.143523364113]
[49.287319181864, -123.143523293467]
[49.287328163965, -123.143523222822]
[49.287337146066, -123.143523152176]
[49.287346128167, -123.143523081530]
[49.287189172877, -123.143519207673]
[49.287198154978, -123.143519137028]
[49.287207137079, -123.143519066382]
[49.287216119180, -123.143518995736]
[49.287225101281, -123.143518925090]
[49.287234083382, -123.143518854445]
[49.287243065483, -123.143518783799]
[49.287252047584, -123.143518713153]
[49.287261029685, -123.143518642507]
[49.287270011786, -123.143518571861]
[49.287278993887, -123.143518501216]
[49.287287975988, -123.143518430570]
[49.287296958089, -123.143518359924]
[49.287305940190, -123.143518289278]
[49.287314922291, -123.143518218632]
[49.287323904392, -123.143518147986]
[49.287332886493, -123.143518077340]
[49.287341868593, -123.143518006694]
[49.287350850694, -123.143517936048]
[49.287359832795, -123.143517865402]
[49.287368814896, -123.143517794756]
[49.287377796997, -123.143517724110]
[49.287386779098, -123.143517653464]
[49.287395761199, -123.143517582818]
[49.287404743300, -123.143517512172]
[49.287166949102, -123.143514274137]
[49.287175931203, -123.143514203491]
[49.287184913304, -123.143514132845]
[49.287193895405, -123.143514062199]
[49.287202877506, -123.143513991553]
[49.287211859607, -123.143513920906]
[49.287220841708, -123.143513850260]
[49.287229823809, -123.143513779614]
[49.287238805910, -123.143513708968]
[49.287247788011, -123.143513638322]
[49.287256770112, -123.143513567675]
[49.287265752213, -123.143513497029]
[49.287274734314, -123.143513426383]
[49.287283716415, -123.143513355737]
[49.287292698515, -123.143513285090]
[49.287301680616, -123.143513214444]
[49.287310662717, -123.143513143798]
[49.287319644818, -123.143513073151]
[49.287328626919, -123.143513002505]
[49.287337609020, -123.143512931859]
[49.287346591121, -123.143512861212]
[49.287355573222, -123.143512790566]
[49.287364555323, -123.143512719920]
[49.287373537424, -123.143512649273]
[49.287382519525, -123.143512578627]
[49.287391501626, -123.143512507980]
[49.287400483727, -123.143512437334]
[49.287409465828, -123.143512366688]
[49.287418447929, -123.143512296041]
[49.287427430030, -123.143512225395]
[49.287436412131, -123.143512154748]
[49.287445394232, -123.143512084102]
[49.287454376333, -123.143512013455]
[49.287144725327, -123.143509340603]
[49.287153707428, -123.143509269956]
[49.287162689529, -123.143509199310]
[49.287171671630, -123.143509128663]
[49.287180653731, -123.143509058017]
[49.287189635832, -123.143508987370]
[49.287198617933, -123.143508916724]
[49.287207600034, -123.143508846077]
[49.287216582135, -123.143508775431]
[49.287225564236, -123.143508704784]
[49.287234546337, -123.143508634137]
[49.287243528437, -123.143508563491]
[49.287252510538, -123.143508492844]
[49.287261492639, -123.143508422198]
[49.287270474740, -123.143508351551]
[49.287279456841, -123.143508280904]
[49.287288438942, -123.143508210258]
[49.287297421043, -123.143508139611]
[49.287306403144, -123.143508068964]
[49.287315385245, -123.143507998317]
[49.287324367346, -123.143507927671]
[49.287333349447, -123.143507857024]
[49.287342331548, -123.143507786377]
[49.287351313649, -123.143507715730]
[49.287360295750, -123.143507645084]
[49.287369277851, -123.143507574437]
[49.287378259952, -123.143507503790]
[49.287387242053, -123.143507433143]
[49.287396224154, -123.143507362496]
[49.287405206255, -123.143507291849]
[49.287414188356, -123.143507221203]
[49.287423170456, -123.143507150556]
[49.287432152557, -123.143507079909]
[49.287441134658, -123.143507009262]
[49.287450116759, -123.143506938615]
[49.287459098860, -123.143506867968]
[49.287468080961, -123.143506797321]
[49.287477063062, -123.143506726674]
[49.287486045163, -123.143506656027]
[49.287495027264, -123.143506585380]
[49.287504009365, -123.143506514733]
[49.287512991466, -123.143506444086]
[49.287122501552, -123.143504407071]
[49.287131483653, -123.143504336424]
[49.287140465754, -123.143504265777]
[49.287149447855, -123.143504195130]
[49.287158429956, -123.143504124483]
[49.287167412057, -123.143504053837]
[49.287176394158, -123.143503983190]
[49.287185376259, -123.143503912543]
[49.287194358360, -123.143503841896]
[49.287203340460, -123.143503771249]
[49.287212322561, -123.143503700602]
[49.287221304662, -123.143503629955]
[49.287230286763, -123.143503559308]
[49.287239268864, -123.143503488661]
[49.287248250965, -123.143503418014]
[49.287257233066, -123.143503347367]
[49.287266215167, -123.143503276720]
[49.287275197268, -123.143503206072]
[49.287284179369, -123.143503135425]
[49.287293161470, -123.143503064778]
[49.287302143571, -123.143502994131]
[49.287311125672, -123.143502923484]
[49.287320107773, -123.143502852837]
[49.287329089874, -123.143502782190]
[49.287338071975, -123.143502711543]
[49.287347054076, -123.143502640895]
[49.287356036177, -123.143502570248]
[49.287365018278, -123.143502499601]
[49.287374000378, -123.143502428954]
[49.287382982479, -123.143502358307]
[49.287391964580, -123.143502287659]
[49.287400946681, -123.143502217012]
[49.287409928782, -123.143502146365]
[49.287418910883, -123.143502075717]
[49.287427892984, -123.143502005070]
[49.287436875085, -123.143501934423]
[49.287445857186, -123.143501863776]
[49.287454839287, -123.143501793128]
[49.287463821388, -123.143501722481]
[49.287472803489, -123.143501651834]
[49.287481785590, -123.143501581186]
[49.287490767691, -123.143501510539]
[49.287499749792, -123.143501439891]
[49.287508731893, -123.143501369244]
[49.287517713994, -123.143501298597]
[49.287526696095, -123.143501227949]
[49.287535678195, -123.143501157302]
[49.287544660296, -123.143501086654]
[49.287553642397, -123.143501016007]
[49.287562624498, -123.143500945359]
[49.287100277777, -123.143499473541]
[49.287109259878, -123.143499402894]
[49.287118241979, -123.143499332247]
[49.287127224080, -123.143499261599]
[49.287136206181, -123.143499190952]
[49.287145188282, -123.143499120305]
[49.287154170382, -123.143499049658]
[49.287163152483, -123.143498979010]
[49.287172134584, -123.143498908363]
[49.287181116685, -123.143498837716]
[49.287190098786, -123.143498767068]
[49.287199080887, -123.143498696421]
[49.287208062988, -123.143498625773]
[49.287217045089, -123.143498555126]
[49.287226027190, -123.143498484479]
[49.287235009291, -123.143498413831]
[49.287243991392, -123.143498343184]
[49.287252973493, -123.143498272536]
[49.287261955594, -123.143498201889]
[49.287270937695, -123.143498131241]
[49.287279919796, -123.143498060594]
[49.287288901897, -123.143497989946]
[49.287297883998, -123.143497919299]
[49.287306866099, -123.143497848651]
[49.287315848200, -123.143497778004]
[49.287324830300, -123.143497707356]
[49.287333812401, -123.143497636709]
[49.287342794502, -123.143497566061]
[49.287351776603, -123.143497495413]
[49.287360758704, -123.143497424766]
[49.287369740805, -123.143497354118]
[49.287378722906, -123.143497283471]
[49.287387705007, -123.143497212823]
[49.287396687108, -123.143497142175]
[49.287405669209, -123.143497071528]
[49.287414651310, -123.143497000880]
[49.287423633411, -123.143496930232]
[49.287432615512, -123.143496859584]
[49.287441597613, -123.143496788937]
[49.287450579714, -123.143496718289]
[49.287459561815, -123.143496647641]
[49.287468543916, -123.143496576993]
[49.287477526017, -123.143496506346]
[49.287486508117, -123.143496435698]
[49.287495490218, -123.143496365050]
[49.287504472319, -123.143496294402]
[49.287513454420, -123.143496223754]
[49.287522436521, -123.143496153107]
[49.287531418622, -123.143496082459]
[49.287540400723, -123.143496011811]
[49.287549382824, -123.143495941163]
[49.287558364925, -123.143495870515]
[49.287567347026, -123.143495799867]
[49.287576329127, -123.143495729219]
[49.287585311228, -123.143495658571]
[49.287594293329, -123.143495587923]
[49.287603275430, -123.143495517275]
[49.287612257531, -123.143495446627]
[49.287078054002, -123.143494540014]
[49.287087036103, -123.143494469366]
[49.287096018204, -123.143494398719]
[49.287105000305, -123.143494328071]
[49.287113982405, -123.143494257423]
[49.287122964506, -123.143494186776]
[49.287131946607, -123.143494116128]
[49.287140928708, -123.143494045480]
[49.287149910809, -123.143493974832]
[49.287158892910, -123.143493904185]
[49.287167875011, -123.143493833537]
[49.287176857112, -123.143493762889]
[49.287185839213, -123.143493692241]
[49.287194821314, -123.143493621594]
[49.287203803415, -123.143493550946]
[49.287212785516, -123.143493480298]
[49.287221767617, -123.143493409650]
[49.287230749718, -123.143493339002]
[49.287239731819, -123.143493268354]
[49.287248713920, -123.143493197707]
[49.287257696021, -123.143493127059]
[49.287266678122, -123.143493056411]
[49.287275660222, -123.143492985763]
[49.287284642323, -123.143492915115]
[49.287293624424, -123.143492844467]
[49.287302606525, -123.143492773819]
[49.287311588626, -123.143492703171]
[49.287320570727, -123.143492632523]
[49.287329552828, -123.143492561875]
[49.287338534929, -123.143492491227]
[49.287347517030, -123.143492420579]
[49.287356499131, -123.143492349931]
[49.287365481232, -123.143492279283]
[49.287374463333, -123.143492208635]
[49.287383445434, -123.143492137987]
[49.287392427535, -123.143492067339]
[49.287401409636, -123.143491996691]
[49.287410391737, -123.143491926043]
[49.287419373838, -123.143491855395]
[49.287428355939, -123.143491784747]
[49.287437338039, -123.143491714099]
[49.287446320140, -123.143491643450]
[49.287455302241, -123.143491572802]
[49.287464284342, -123.143491502154]
[49.287473266443, -123.143491431506]
[49.287482248544, -123.143491360858]
[49.287491230645, -123.143491290210]
[49.287500212746, -123.143491219561]
[49.287509194847, -123.143491148913]
[49.287518176948, -123.143491078265]
[49.287527159049, -123.143491007617]
[49.287536141150, -123.143490936968]
[49.287545123251, -123.143490866320]
[49.287554105352, -123.143490795672]
[49.287563087453, -123.143490725023]
[49.287572069554, -123.143490654375]
[49.287581051655, -123.143490583727]
[49.287590033756, -123.143490513078]
[49.287599015856, -123.143490442430]
[49.287607997957, -123.143490371782]
[49.287616980058, -123.143490301133]
[49.287625962159, -123.143490230485]
[49.287634944260, -123.143490159836]
[49.287643926361, -123.143490089188]
[49.287652908462, -123.143490018540]
[49.287661890563, -123.143489947891]
[49.287670872664, -123.143489877243]
